60
60
60
60
60
60
60
60
60
60
60
60
60
60
60
60
60
60
60
60
60
60
60
60
60
60
60
60
60
60
60
60
60
60
60
60
60
60
60
60
60
60
60
60
60
60
60
60
60
60
60
60
60
60
60
60
60
60
60
60
60
60
60
60
60
60
60
60
60
60
60
60
60
60
60
60
60
60
60
60
60
60
60
60
60
60
60
60
60
60
60
60
60
60
60
60
60
60
60
60
60
60
60
60
60
60
60
60
60
60
60
60
60
60
60
60
60
60
60
60
60
60
60
60
60
60
60
60
60
60
60
60
60
60
60
60
60
60
60
60
60
60
60
60
60
60
60
60
60
60
60
60
60
60
60
60
60
60
60
60
60
60
60
60
60
60
60
60
60
60
60
60
60
60
60
60
60
60
60
60
60
60
60
60
60
60
60
60
60
60
60
60
60
60
60
60
60
60
60
60
60
60
60
60
60
60
60
60
60
60
60
60
60
60
60
60
60
60
60
60
60
60
60
382
0 1 240
0 2 240
1 3 240
1 4 240
2 5 240
2 6 240
3 7 240
3 8 240
4 9 240
4 10 240
5 11 240
5 12 240
6 13 240
6 14 240
7 15 240
7 16 240
8 17 240
8 18 240
9 19 240
9 20 240
10 21 240
10 22 240
11 23 240
11 24 240
12 25 240
12 26 240
13 27 240
13 28 240
14 29 240
14 30 240
15 31 240
15 32 240
16 33 240
16 34 240
17 35 240
17 36 240
18 37 240
18 38 240
19 39 240
19 40 240
20 41 240
20 42 240
21 43 240
21 44 240
22 45 240
22 46 240
23 47 240
23 48 240
24 49 240
24 50 240
25 51 240
25 52 240
26 53 240
26 54 240
27 55 240
27 56 240
28 57 240
28 58 240
29 59 240
29 60 240
30 61 240
30 62 240
31 63 240
31 64 240
32 63 240
32 64 240
33 65 240
33 66 240
34 65 240
34 66 240
35 67 240
35 68 240
36 67 240
36 68 240
37 69 240
37 70 240
38 69 240
38 70 240
39 71 240
39 72 240
40 71 240
40 72 240
41 73 240
41 74 240
42 73 240
42 74 240
43 75 240
43 76 240
44 75 240
44 76 240
45 77 240
45 78 240
46 77 240
46 78 240
47 79 240
47 80 240
48 79 240
48 80 240
49 81 240
49 82 240
50 81 240
50 82 240
51 83 240
51 84 240
52 83 240
52 84 240
53 85 240
53 86 240
54 85 240
54 86 240
55 87 240
55 88 240
56 87 240
56 88 240
57 89 240
57 90 240
58 89 240
58 90 240
59 91 240
59 92 240
60 91 240
60 92 240
61 93 240
61 94 240
62 93 240
62 94 240
63 95 240
63 97 240
64 96 240
64 98 240
65 95 240
65 97 240
66 96 240
66 98 240
67 99 240
67 101 240
68 100 240
68 102 240
69 99 240
69 101 240
70 100 240
70 102 240
71 103 240
71 105 240
72 104 240
72 106 240
73 103 240
73 105 240
74 104 240
74 106 240
75 107 240
75 109 240
76 108 240
76 110 240
77 107 240
77 109 240
78 108 240
78 110 240
79 111 240
79 113 240
80 112 240
80 114 240
81 111 240
81 113 240
82 112 240
82 114 240
83 115 240
83 117 240
84 116 240
84 118 240
85 115 240
85 117 240
86 116 240
86 118 240
87 119 240
87 121 240
88 120 240
88 122 240
89 119 240
89 121 240
90 120 240
90 122 240
91 123 240
91 125 240
92 124 240
92 126 240
93 123 240
93 125 240
94 124 240
94 126 240
95 127 240
95 131 240
96 128 240
96 132 240
97 129 240
97 133 240
98 130 240
98 134 240
99 127 240
99 131 240
100 128 240
100 132 240
101 129 240
101 133 240
102 130 240
102 134 240
103 135 240
103 139 240
104 136 240
104 140 240
105 137 240
105 141 240
106 138 240
106 142 240
107 135 240
107 139 240
108 136 240
108 140 240
109 137 240
109 141 240
110 138 240
110 142 240
111 143 240
111 147 240
112 144 240
112 148 240
113 145 240
113 149 240
114 146 240
114 150 240
115 143 240
115 147 240
116 144 240
116 148 240
117 145 240
117 149 240
118 146 240
118 150 240
119 151 240
119 155 240
120 152 240
120 156 240
121 153 240
121 157 240
122 154 240
122 158 240
123 151 240
123 155 240
124 152 240
124 156 240
125 153 240
125 157 240
126 154 240
126 158 240
127 159 240
127 167 240
128 160 240
128 168 240
129 161 240
129 169 240
130 162 240
130 170 240
131 163 240
131 171 240
132 164 240
132 172 240
133 165 240
133 173 240
134 166 240
134 174 240
135 159 240
135 167 240
136 160 240
136 168 240
137 161 240
137 169 240
138 162 240
138 170 240
139 163 240
139 171 240
140 164 240
140 172 240
141 165 240
141 173 240
142 166 240
142 174 240
143 175 240
143 183 240
144 176 240
144 184 240
145 177 240
145 185 240
146 178 240
146 186 240
147 179 240
147 187 240
148 180 240
148 188 240
149 181 240
149 189 240
150 182 240
150 190 240
151 175 240
151 183 240
152 176 240
152 184 240
153 177 240
153 185 240
154 178 240
154 186 240
155 179 240
155 187 240
156 180 240
156 188 240
157 181 240
157 189 240
158 182 240
158 190 240
159 191 240
159 207 240
160 192 240
160 208 240
161 193 240
161 209 240
162 194 240
162 210 240
163 195 240
163 211 240
164 196 240
164 212 240
165 197 240
165 213 240
166 198 240
166 214 240
167 199 240
167 215 240
168 200 240
168 216 240
169 201 240
169 217 240
170 202 240
170 218 240
171 203 240
171 219 240
172 204 240
172 220 240
173 205 240
173 221 240
174 206 240
174 222 240
175 191 240
175 207 240
176 192 240
176 208 240
177 193 240
177 209 240
178 194 240
178 210 240
179 195 240
179 211 240
180 196 240
180 212 240
181 197 240
181 213 240
182 198 240
182 214 240
183 199 240
183 215 240
184 200 240
184 216 240
185 201 240
185 217 240
186 202 240
186 218 240
187 203 240
187 219 240
188 204 240
188 220 240
189 205 240
189 221 240
190 206 240
190 222 240
