60
60
60
60
60
60
60
60
60
60
60
60
60
60
60
60
60
60
60
60
60
60
60
60
60
60
60
60
60
60
60
60
60
60
60
60
60
60
60
62
0 1 240
0 2 240
1 3 240
1 4 240
2 5 240
2 6 240
3 7 240
3 8 240
4 9 240
4 10 240
5 11 240
5 12 240
6 13 240
6 14 240
7 15 240
7 16 240
8 15 240
8 16 240
9 17 240
9 18 240
10 17 240
10 18 240
11 19 240
11 20 240
12 19 240
12 20 240
13 21 240
13 22 240
14 21 240
14 22 240
15 23 240
15 25 240
16 24 240
16 26 240
17 23 240
17 25 240
18 24 240
18 26 240
19 27 240
19 29 240
20 28 240
20 30 240
21 27 240
21 29 240
22 28 240
22 30 240
23 31 240
23 35 240
24 32 240
24 36 240
25 33 240
25 37 240
26 34 240
26 38 240
27 31 240
27 35 240
28 32 240
28 36 240
29 33 240
29 37 240
30 34 240
30 38 240
