60
60
60
60
60
60
60
60
60
60
60
60
60
60
60
60
60
60
60
60
60
60
60
60
60
60
60
60
60
60
60
60
60
60
60
60
60
60
60
60
60
60
60
60
60
60
60
60
60
60
60
60
60
60
60
60
60
60
60
60
60
60
60
60
60
60
60
60
60
60
60
60
60
60
60
60
60
60
60
60
60
60
60
60
60
60
60
60
60
60
60
60
60
60
60
60
60
60
60
60
60
60
60
60
60
60
60
60
60
60
60
60
60
60
60
60
60
60
60
60
60
60
60
60
60
60
60
60
60
60
60
60
60
60
60
60
60
60
60
60
60
60
60
60
60
60
60
60
60
60
60
60
60
60
60
60
60
60
60
60
60
60
60
60
60
60
60
60
60
60
60
60
60
60
60
60
60
60
60
60
60
60
60
60
60
60
60
60
60
60
60
60
60
60
60
60
60
60
60
60
60
60
60
60
60
60
60
60
60
60
60
60
60
60
60
60
60
60
60
60
60
60
60
60
60
60
60
60
60
60
60
60
60
60
60
60
60
60
60
60
60
60
60
60
60
60
60
60
60
60
60
60
60
60
60
60
60
60
60
60
60
60
60
60
60
60
60
60
60
60
60
60
60
60
60
60
60
60
60
60
60
60
60
60
60
60
60
60
60
60
60
60
60
60
60
60
60
60
60
60
60
60
60
60
60
60
60
60
60
60
60
60
60
60
60
60
60
60
60
60
60
60
60
60
60
60
60
60
60
60
60
60
60
60
60
60
60
60
60
60
60
60
60
60
60
60
60
60
60
60
60
60
60
60
60
60
60
60
60
60
60
60
60
60
60
60
60
60
60
60
60
60
60
60
60
60
60
60
60
60
60
60
60
60
60
60
60
60
60
60
60
60
60
60
60
60
60
60
60
60
60
60
60
60
60
60
60
60
60
60
60
60
60
60
60
60
60
60
60
60
60
60
60
60
60
60
60
60
60
60
60
60
60
60
60
60
60
60
60
60
60
60
60
60
60
60
60
60
60
60
60
60
60
60
60
60
60
60
60
60
60
60
60
60
60
60
60
60
60
60
60
60
60
60
60
60
60
60
60
60
60
60
60
60
60
60
60
60
60
60
60
60
60
60
60
60
60
60
60
60
60
60
60
60
60
60
60
60
60
60
60
894
0 1 240
0 2 240
1 3 240
1 4 240
2 5 240
2 6 240
3 7 240
3 8 240
4 9 240
4 10 240
5 11 240
5 12 240
6 13 240
6 14 240
7 15 240
7 16 240
8 17 240
8 18 240
9 19 240
9 20 240
10 21 240
10 22 240
11 23 240
11 24 240
12 25 240
12 26 240
13 27 240
13 28 240
14 29 240
14 30 240
15 31 240
15 32 240
16 33 240
16 34 240
17 35 240
17 36 240
18 37 240
18 38 240
19 39 240
19 40 240
20 41 240
20 42 240
21 43 240
21 44 240
22 45 240
22 46 240
23 47 240
23 48 240
24 49 240
24 50 240
25 51 240
25 52 240
26 53 240
26 54 240
27 55 240
27 56 240
28 57 240
28 58 240
29 59 240
29 60 240
30 61 240
30 62 240
31 63 240
31 64 240
32 65 240
32 66 240
33 67 240
33 68 240
34 69 240
34 70 240
35 71 240
35 72 240
36 73 240
36 74 240
37 75 240
37 76 240
38 77 240
38 78 240
39 79 240
39 80 240
40 81 240
40 82 240
41 83 240
41 84 240
42 85 240
42 86 240
43 87 240
43 88 240
44 89 240
44 90 240
45 91 240
45 92 240
46 93 240
46 94 240
47 95 240
47 96 240
48 97 240
48 98 240
49 99 240
49 100 240
50 101 240
50 102 240
51 103 240
51 104 240
52 105 240
52 106 240
53 107 240
53 108 240
54 109 240
54 110 240
55 111 240
55 112 240
56 113 240
56 114 240
57 115 240
57 116 240
58 117 240
58 118 240
59 119 240
59 120 240
60 121 240
60 122 240
61 123 240
61 124 240
62 125 240
62 126 240
63 127 240
63 128 240
64 127 240
64 128 240
65 129 240
65 130 240
66 129 240
66 130 240
67 131 240
67 132 240
68 131 240
68 132 240
69 133 240
69 134 240
70 133 240
70 134 240
71 135 240
71 136 240
72 135 240
72 136 240
73 137 240
73 138 240
74 137 240
74 138 240
75 139 240
75 140 240
76 139 240
76 140 240
77 141 240
77 142 240
78 141 240
78 142 240
79 143 240
79 144 240
80 143 240
80 144 240
81 145 240
81 146 240
82 145 240
82 146 240
83 147 240
83 148 240
84 147 240
84 148 240
85 149 240
85 150 240
86 149 240
86 150 240
87 151 240
87 152 240
88 151 240
88 152 240
89 153 240
89 154 240
90 153 240
90 154 240
91 155 240
91 156 240
92 155 240
92 156 240
93 157 240
93 158 240
94 157 240
94 158 240
95 159 240
95 160 240
96 159 240
96 160 240
97 161 240
97 162 240
98 161 240
98 162 240
99 163 240
99 164 240
100 163 240
100 164 240
101 165 240
101 166 240
102 165 240
102 166 240
103 167 240
103 168 240
104 167 240
104 168 240
105 169 240
105 170 240
106 169 240
106 170 240
107 171 240
107 172 240
108 171 240
108 172 240
109 173 240
109 174 240
110 173 240
110 174 240
111 175 240
111 176 240
112 175 240
112 176 240
113 177 240
113 178 240
114 177 240
114 178 240
115 179 240
115 180 240
116 179 240
116 180 240
117 181 240
117 182 240
118 181 240
118 182 240
119 183 240
119 184 240
120 183 240
120 184 240
121 185 240
121 186 240
122 185 240
122 186 240
123 187 240
123 188 240
124 187 240
124 188 240
125 189 240
125 190 240
126 189 240
126 190 240
127 191 240
127 193 240
128 192 240
128 194 240
129 191 240
129 193 240
130 192 240
130 194 240
131 195 240
131 197 240
132 196 240
132 198 240
133 195 240
133 197 240
134 196 240
134 198 240
135 199 240
135 201 240
136 200 240
136 202 240
137 199 240
137 201 240
138 200 240
138 202 240
139 203 240
139 205 240
140 204 240
140 206 240
141 203 240
141 205 240
142 204 240
142 206 240
143 207 240
143 209 240
144 208 240
144 210 240
145 207 240
145 209 240
146 208 240
146 210 240
147 211 240
147 213 240
148 212 240
148 214 240
149 211 240
149 213 240
150 212 240
150 214 240
151 215 240
151 217 240
152 216 240
152 218 240
153 215 240
153 217 240
154 216 240
154 218 240
155 219 240
155 221 240
156 220 240
156 222 240
157 219 240
157 221 240
158 220 240
158 222 240
159 223 240
159 225 240
160 224 240
160 226 240
161 223 240
161 225 240
162 224 240
162 226 240
163 227 240
163 229 240
164 228 240
164 230 240
165 227 240
165 229 240
166 228 240
166 230 240
167 231 240
167 233 240
168 232 240
168 234 240
169 231 240
169 233 240
170 232 240
170 234 240
171 235 240
171 237 240
172 236 240
172 238 240
173 235 240
173 237 240
174 236 240
174 238 240
175 239 240
175 241 240
176 240 240
176 242 240
177 239 240
177 241 240
178 240 240
178 242 240
179 243 240
179 245 240
180 244 240
180 246 240
181 243 240
181 245 240
182 244 240
182 246 240
183 247 240
183 249 240
184 248 240
184 250 240
185 247 240
185 249 240
186 248 240
186 250 240
187 251 240
187 253 240
188 252 240
188 254 240
189 251 240
189 253 240
190 252 240
190 254 240
191 255 240
191 259 240
192 256 240
192 260 240
193 257 240
193 261 240
194 258 240
194 262 240
195 255 240
195 259 240
196 256 240
196 260 240
197 257 240
197 261 240
198 258 240
198 262 240
199 263 240
199 267 240
200 264 240
200 268 240
201 265 240
201 269 240
202 266 240
202 270 240
203 263 240
203 267 240
204 264 240
204 268 240
205 265 240
205 269 240
206 266 240
206 270 240
207 271 240
207 275 240
208 272 240
208 276 240
209 273 240
209 277 240
210 274 240
210 278 240
211 271 240
211 275 240
212 272 240
212 276 240
213 273 240
213 277 240
214 274 240
214 278 240
215 279 240
215 283 240
216 280 240
216 284 240
217 281 240
217 285 240
218 282 240
218 286 240
219 279 240
219 283 240
220 280 240
220 284 240
221 281 240
221 285 240
222 282 240
222 286 240
223 287 240
223 291 240
224 288 240
224 292 240
225 289 240
225 293 240
226 290 240
226 294 240
227 287 240
227 291 240
228 288 240
228 292 240
229 289 240
229 293 240
230 290 240
230 294 240
231 295 240
231 299 240
232 296 240
232 300 240
233 297 240
233 301 240
234 298 240
234 302 240
235 295 240
235 299 240
236 296 240
236 300 240
237 297 240
237 301 240
238 298 240
238 302 240
239 303 240
239 307 240
240 304 240
240 308 240
241 305 240
241 309 240
242 306 240
242 310 240
243 303 240
243 307 240
244 304 240
244 308 240
245 305 240
245 309 240
246 306 240
246 310 240
247 311 240
247 315 240
248 312 240
248 316 240
249 313 240
249 317 240
250 314 240
250 318 240
251 311 240
251 315 240
252 312 240
252 316 240
253 313 240
253 317 240
254 314 240
254 318 240
255 319 240
255 327 240
256 320 240
256 328 240
257 321 240
257 329 240
258 322 240
258 330 240
259 323 240
259 331 240
260 324 240
260 332 240
261 325 240
261 333 240
262 326 240
262 334 240
263 319 240
263 327 240
264 320 240
264 328 240
265 321 240
265 329 240
266 322 240
266 330 240
267 323 240
267 331 240
268 324 240
268 332 240
269 325 240
269 333 240
270 326 240
270 334 240
271 335 240
271 343 240
272 336 240
272 344 240
273 337 240
273 345 240
274 338 240
274 346 240
275 339 240
275 347 240
276 340 240
276 348 240
277 341 240
277 349 240
278 342 240
278 350 240
279 335 240
279 343 240
280 336 240
280 344 240
281 337 240
281 345 240
282 338 240
282 346 240
283 339 240
283 347 240
284 340 240
284 348 240
285 341 240
285 349 240
286 342 240
286 350 240
287 351 240
287 359 240
288 352 240
288 360 240
289 353 240
289 361 240
290 354 240
290 362 240
291 355 240
291 363 240
292 356 240
292 364 240
293 357 240
293 365 240
294 358 240
294 366 240
295 351 240
295 359 240
296 352 240
296 360 240
297 353 240
297 361 240
298 354 240
298 362 240
299 355 240
299 363 240
300 356 240
300 364 240
301 357 240
301 365 240
302 358 240
302 366 240
303 367 240
303 375 240
304 368 240
304 376 240
305 369 240
305 377 240
306 370 240
306 378 240
307 371 240
307 379 240
308 372 240
308 380 240
309 373 240
309 381 240
310 374 240
310 382 240
311 367 240
311 375 240
312 368 240
312 376 240
313 369 240
313 377 240
314 370 240
314 378 240
315 371 240
315 379 240
316 372 240
316 380 240
317 373 240
317 381 240
318 374 240
318 382 240
319 383 240
319 399 240
320 384 240
320 400 240
321 385 240
321 401 240
322 386 240
322 402 240
323 387 240
323 403 240
324 388 240
324 404 240
325 389 240
325 405 240
326 390 240
326 406 240
327 391 240
327 407 240
328 392 240
328 408 240
329 393 240
329 409 240
330 394 240
330 410 240
331 395 240
331 411 240
332 396 240
332 412 240
333 397 240
333 413 240
334 398 240
334 414 240
335 383 240
335 399 240
336 384 240
336 400 240
337 385 240
337 401 240
338 386 240
338 402 240
339 387 240
339 403 240
340 388 240
340 404 240
341 389 240
341 405 240
342 390 240
342 406 240
343 391 240
343 407 240
344 392 240
344 408 240
345 393 240
345 409 240
346 394 240
346 410 240
347 395 240
347 411 240
348 396 240
348 412 240
349 397 240
349 413 240
350 398 240
350 414 240
351 415 240
351 431 240
352 416 240
352 432 240
353 417 240
353 433 240
354 418 240
354 434 240
355 419 240
355 435 240
356 420 240
356 436 240
357 421 240
357 437 240
358 422 240
358 438 240
359 423 240
359 439 240
360 424 240
360 440 240
361 425 240
361 441 240
362 426 240
362 442 240
363 427 240
363 443 240
364 428 240
364 444 240
365 429 240
365 445 240
366 430 240
366 446 240
367 415 240
367 431 240
368 416 240
368 432 240
369 417 240
369 433 240
370 418 240
370 434 240
371 419 240
371 435 240
372 420 240
372 436 240
373 421 240
373 437 240
374 422 240
374 438 240
375 423 240
375 439 240
376 424 240
376 440 240
377 425 240
377 441 240
378 426 240
378 442 240
379 427 240
379 443 240
380 428 240
380 444 240
381 429 240
381 445 240
382 430 240
382 446 240
383 447 240
383 479 240
384 448 240
384 480 240
385 449 240
385 481 240
386 450 240
386 482 240
387 451 240
387 483 240
388 452 240
388 484 240
389 453 240
389 485 240
390 454 240
390 486 240
391 455 240
391 487 240
392 456 240
392 488 240
393 457 240
393 489 240
394 458 240
394 490 240
395 459 240
395 491 240
396 460 240
396 492 240
397 461 240
397 493 240
398 462 240
398 494 240
399 463 240
399 495 240
400 464 240
400 496 240
401 465 240
401 497 240
402 466 240
402 498 240
403 467 240
403 499 240
404 468 240
404 500 240
405 469 240
405 501 240
406 470 240
406 502 240
407 471 240
407 503 240
408 472 240
408 504 240
409 473 240
409 505 240
410 474 240
410 506 240
411 475 240
411 507 240
412 476 240
412 508 240
413 477 240
413 509 240
414 478 240
414 510 240
415 447 240
415 479 240
416 448 240
416 480 240
417 449 240
417 481 240
418 450 240
418 482 240
419 451 240
419 483 240
420 452 240
420 484 240
421 453 240
421 485 240
422 454 240
422 486 240
423 455 240
423 487 240
424 456 240
424 488 240
425 457 240
425 489 240
426 458 240
426 490 240
427 459 240
427 491 240
428 460 240
428 492 240
429 461 240
429 493 240
430 462 240
430 494 240
431 463 240
431 495 240
432 464 240
432 496 240
433 465 240
433 497 240
434 466 240
434 498 240
435 467 240
435 499 240
436 468 240
436 500 240
437 469 240
437 501 240
438 470 240
438 502 240
439 471 240
439 503 240
440 472 240
440 504 240
441 473 240
441 505 240
442 474 240
442 506 240
443 475 240
443 507 240
444 476 240
444 508 240
445 477 240
445 509 240
446 478 240
446 510 240
