80
90
90
90
100
90
90
100
100
90
90
100
100
100
90
90
100
100
100
100
90
90
100
100
100
100
100
90
90
100
100
100
100
100
100
90
90
100
100
100
100
100
100
100
90
80
100
100
100
100
100
100
100
100
80
90
100
100
100
100
100
100
100
90
90
100
100
100
100
100
100
90
90
100
100
100
100
100
90
90
100
100
100
100
90
90
100
100
100
90
90
100
100
90
90
100
90
90
90
80
180
0 1 320
0 2 320
1 3 360
1 4 360
2 4 360
2 5 360
3 6 360
3 7 360
4 7 400
4 8 400
5 8 360
5 9 360
6 10 360
6 11 360
7 11 400
7 12 400
8 12 400
8 13 400
9 13 360
9 14 360
10 15 360
10 16 360
11 16 400
11 17 400
12 17 400
12 18 400
13 18 400
13 19 400
14 19 360
14 20 360
15 21 360
15 22 360
16 22 400
16 23 400
17 23 400
17 24 400
18 24 400
18 25 400
19 25 400
19 26 400
20 26 360
20 27 360
21 28 360
21 29 360
22 29 400
22 30 400
23 30 400
23 31 400
24 31 400
24 32 400
25 32 400
25 33 400
26 33 400
26 34 400
27 34 360
27 35 360
28 36 360
28 37 360
29 37 400
29 38 400
30 38 400
30 39 400
31 39 400
31 40 400
32 40 400
32 41 400
33 41 400
33 42 400
34 42 400
34 43 400
35 43 360
35 44 360
36 45 360
36 46 360
37 46 400
37 47 400
38 47 400
38 48 400
39 48 400
39 49 400
40 49 400
40 50 400
41 50 400
41 51 400
42 51 400
42 52 400
43 52 400
43 53 400
44 53 360
44 54 360
45 55 320
54 63 320
46 55 400
46 56 400
47 56 400
47 57 400
48 57 400
48 58 400
49 58 400
49 59 400
50 59 400
50 60 400
51 60 400
51 61 400
52 61 400
52 62 400
53 62 400
53 63 400
55 64 360
63 71 360
56 64 400
56 65 400
57 65 400
57 66 400
58 66 400
58 67 400
59 67 400
59 68 400
60 68 400
60 69 400
61 69 400
61 70 400
62 70 400
62 71 400
64 72 360
71 78 360
65 72 400
65 73 400
66 73 400
66 74 400
67 74 400
67 75 400
68 75 400
68 76 400
69 76 400
69 77 400
70 77 400
70 78 400
72 79 360
78 84 360
73 79 400
73 80 400
74 80 400
74 81 400
75 81 400
75 82 400
76 82 400
76 83 400
77 83 400
77 84 400
79 85 360
84 89 360
80 85 400
80 86 400
81 86 400
81 87 400
82 87 400
82 88 400
83 88 400
83 89 400
85 90 360
89 93 360
86 90 400
86 91 400
87 91 400
87 92 400
88 92 400
88 93 400
90 94 360
93 96 360
91 94 400
91 95 400
92 95 400
92 96 400
94 97 360
96 98 360
95 97 400
95 98 400
97 99 360
98 99 360
