80
90
90
90
100
90
90
100
100
90
90
100
100
100
90
90
100
100
100
100
90
90
100
100
100
100
100
90
80
100
100
100
100
100
100
80
90
100
100
100
100
100
90
90
100
100
100
100
90
90
100
100
100
90
90
100
100
90
90
100
90
90
90
80
112
0 1 320
0 2 320
1 3 360
1 4 360
2 4 360
2 5 360
3 6 360
3 7 360
4 7 400
4 8 400
5 8 360
5 9 360
6 10 360
6 11 360
7 11 400
7 12 400
8 12 400
8 13 400
9 13 360
9 14 360
10 15 360
10 16 360
11 16 400
11 17 400
12 17 400
12 18 400
13 18 400
13 19 400
14 19 360
14 20 360
15 21 360
15 22 360
16 22 400
16 23 400
17 23 400
17 24 400
18 24 400
18 25 400
19 25 400
19 26 400
20 26 360
20 27 360
21 28 360
21 29 360
22 29 400
22 30 400
23 30 400
23 31 400
24 31 400
24 32 400
25 32 400
25 33 400
26 33 400
26 34 400
27 34 360
27 35 360
28 36 320
35 42 320
29 36 400
29 37 400
30 37 400
30 38 400
31 38 400
31 39 400
32 39 400
32 40 400
33 40 400
33 41 400
34 41 400
34 42 400
36 43 360
42 48 360
37 43 400
37 44 400
38 44 400
38 45 400
39 45 400
39 46 400
40 46 400
40 47 400
41 47 400
41 48 400
43 49 360
48 53 360
44 49 400
44 50 400
45 50 400
45 51 400
46 51 400
46 52 400
47 52 400
47 53 400
49 54 360
53 57 360
50 54 400
50 55 400
51 55 400
51 56 400
52 56 400
52 57 400
54 58 360
57 60 360
55 58 400
55 59 400
56 59 400
56 60 400
58 61 360
60 62 360
59 61 400
59 62 400
61 63 360
62 63 360
