60
60
60
60
60
60
60
60
60
60
60
60
60
60
60
60
60
60
60
60
60
60
60
60
60
60
60
60
60
60
60
60
60
60
60
60
60
60
60
60
60
60
60
60
60
60
60
60
60
60
60
60
60
60
60
60
60
60
60
60
60
60
60
60
60
60
60
60
60
60
60
60
60
60
60
60
60
60
60
60
60
60
60
60
60
60
60
60
60
60
60
60
60
60
60
158
0 1 240
0 2 240
1 3 240
1 4 240
2 5 240
2 6 240
3 7 240
3 8 240
4 9 240
4 10 240
5 11 240
5 12 240
6 13 240
6 14 240
7 15 240
7 16 240
8 17 240
8 18 240
9 19 240
9 20 240
10 21 240
10 22 240
11 23 240
11 24 240
12 25 240
12 26 240
13 27 240
13 28 240
14 29 240
14 30 240
15 31 240
15 32 240
16 31 240
16 32 240
17 33 240
17 34 240
18 33 240
18 34 240
19 35 240
19 36 240
20 35 240
20 36 240
21 37 240
21 38 240
22 37 240
22 38 240
23 39 240
23 40 240
24 39 240
24 40 240
25 41 240
25 42 240
26 41 240
26 42 240
27 43 240
27 44 240
28 43 240
28 44 240
29 45 240
29 46 240
30 45 240
30 46 240
31 47 240
31 49 240
32 48 240
32 50 240
33 47 240
33 49 240
34 48 240
34 50 240
35 51 240
35 53 240
36 52 240
36 54 240
37 51 240
37 53 240
38 52 240
38 54 240
39 55 240
39 57 240
40 56 240
40 58 240
41 55 240
41 57 240
42 56 240
42 58 240
43 59 240
43 61 240
44 60 240
44 62 240
45 59 240
45 61 240
46 60 240
46 62 240
47 63 240
47 67 240
48 64 240
48 68 240
49 65 240
49 69 240
50 66 240
50 70 240
51 63 240
51 67 240
52 64 240
52 68 240
53 65 240
53 69 240
54 66 240
54 70 240
55 71 240
55 75 240
56 72 240
56 76 240
57 73 240
57 77 240
58 74 240
58 78 240
59 71 240
59 75 240
60 72 240
60 76 240
61 73 240
61 77 240
62 74 240
62 78 240
63 79 240
63 87 240
64 80 240
64 88 240
65 81 240
65 89 240
66 82 240
66 90 240
67 83 240
67 91 240
68 84 240
68 92 240
69 85 240
69 93 240
70 86 240
70 94 240
71 79 240
71 87 240
72 80 240
72 88 240
73 81 240
73 89 240
74 82 240
74 90 240
75 83 240
75 91 240
76 84 240
76 92 240
77 85 240
77 93 240
78 86 240
78 94 240
