80
90
90
90
100
90
90
100
100
90
90
100
100
100
90
90
100
100
100
100
90
90
100
100
100
100
100
90
90
100
100
100
100
100
100
90
90
100
100
100
100
100
100
100
90
90
100
100
100
100
100
100
100
100
90
90
100
100
100
100
100
100
100
100
100
90
80
100
100
100
100
100
100
100
100
100
100
80
90
100
100
100
100
100
100
100
100
100
90
90
100
100
100
100
100
100
100
100
90
90
100
100
100
100
100
100
100
90
90
100
100
100
100
100
100
90
90
100
100
100
100
100
90
90
100
100
100
100
90
90
100
100
100
90
90
100
100
90
90
100
90
90
90
80
264
0 1 320
0 2 320
1 3 360
1 4 360
2 4 360
2 5 360
3 6 360
3 7 360
4 7 400
4 8 400
5 8 360
5 9 360
6 10 360
6 11 360
7 11 400
7 12 400
8 12 400
8 13 400
9 13 360
9 14 360
10 15 360
10 16 360
11 16 400
11 17 400
12 17 400
12 18 400
13 18 400
13 19 400
14 19 360
14 20 360
15 21 360
15 22 360
16 22 400
16 23 400
17 23 400
17 24 400
18 24 400
18 25 400
19 25 400
19 26 400
20 26 360
20 27 360
21 28 360
21 29 360
22 29 400
22 30 400
23 30 400
23 31 400
24 31 400
24 32 400
25 32 400
25 33 400
26 33 400
26 34 400
27 34 360
27 35 360
28 36 360
28 37 360
29 37 400
29 38 400
30 38 400
30 39 400
31 39 400
31 40 400
32 40 400
32 41 400
33 41 400
33 42 400
34 42 400
34 43 400
35 43 360
35 44 360
36 45 360
36 46 360
37 46 400
37 47 400
38 47 400
38 48 400
39 48 400
39 49 400
40 49 400
40 50 400
41 50 400
41 51 400
42 51 400
42 52 400
43 52 400
43 53 400
44 53 360
44 54 360
45 55 360
45 56 360
46 56 400
46 57 400
47 57 400
47 58 400
48 58 400
48 59 400
49 59 400
49 60 400
50 60 400
50 61 400
51 61 400
51 62 400
52 62 400
52 63 400
53 63 400
53 64 400
54 64 360
54 65 360
55 66 360
55 67 360
56 67 400
56 68 400
57 68 400
57 69 400
58 69 400
58 70 400
59 70 400
59 71 400
60 71 400
60 72 400
61 72 400
61 73 400
62 73 400
62 74 400
63 74 400
63 75 400
64 75 400
64 76 400
65 76 360
65 77 360
66 78 320
77 88 320
67 78 400
67 79 400
68 79 400
68 80 400
69 80 400
69 81 400
70 81 400
70 82 400
71 82 400
71 83 400
72 83 400
72 84 400
73 84 400
73 85 400
74 85 400
74 86 400
75 86 400
75 87 400
76 87 400
76 88 400
78 89 360
88 98 360
79 89 400
79 90 400
80 90 400
80 91 400
81 91 400
81 92 400
82 92 400
82 93 400
83 93 400
83 94 400
84 94 400
84 95 400
85 95 400
85 96 400
86 96 400
86 97 400
87 97 400
87 98 400
89 99 360
98 107 360
90 99 400
90 100 400
91 100 400
91 101 400
92 101 400
92 102 400
93 102 400
93 103 400
94 103 400
94 104 400
95 104 400
95 105 400
96 105 400
96 106 400
97 106 400
97 107 400
99 108 360
107 115 360
100 108 400
100 109 400
101 109 400
101 110 400
102 110 400
102 111 400
103 111 400
103 112 400
104 112 400
104 113 400
105 113 400
105 114 400
106 114 400
106 115 400
108 116 360
115 122 360
109 116 400
109 117 400
110 117 400
110 118 400
111 118 400
111 119 400
112 119 400
112 120 400
113 120 400
113 121 400
114 121 400
114 122 400
116 123 360
122 128 360
117 123 400
117 124 400
118 124 400
118 125 400
119 125 400
119 126 400
120 126 400
120 127 400
121 127 400
121 128 400
123 129 360
128 133 360
124 129 400
124 130 400
125 130 400
125 131 400
126 131 400
126 132 400
127 132 400
127 133 400
129 134 360
133 137 360
130 134 400
130 135 400
131 135 400
131 136 400
132 136 400
132 137 400
134 138 360
137 140 360
135 138 400
135 139 400
136 139 400
136 140 400
138 141 360
140 142 360
139 141 400
139 142 400
141 143 360
142 143 360
