80
90
90
90
100
90
90
100
100
90
90
100
100
100
90
80
100
100
100
100
80
90
100
100
100
90
90
100
100
90
90
100
90
90
90
80
60
0 1 320
0 2 320
1 3 360
1 4 360
2 4 360
2 5 360
3 6 360
3 7 360
4 7 400
4 8 400
5 8 360
5 9 360
6 10 360
6 11 360
7 11 400
7 12 400
8 12 400
8 13 400
9 13 360
9 14 360
10 15 360
10 16 360
11 16 400
11 17 400
12 17 400
12 18 400
13 18 400
13 19 400
14 19 360
14 20 360
15 21 320
20 25 320
16 21 400
16 22 400
17 22 400
17 23 400
18 23 400
18 24 400
19 24 400
19 25 400
21 26 360
25 29 360
22 26 400
22 27 400
23 27 400
23 28 400
24 28 400
24 29 400
26 30 360
29 32 360
27 30 400
27 31 400
28 31 400
28 32 400
30 33 360
32 34 360
31 33 400
31 34 400
33 35 360
34 35 360
