60
60
60
60
60
60
60
60
60
60
60
60
60
60
60
60
60
60
60
60
60
60
60
60
60
60
60
60
60
60
60
60
60
60
60
60
60
60
60
60
60
60
60
60
60
60
60
60
60
60
60
60
60
60
60
60
60
60
60
60
60
60
60
60
60
60
60
60
60
60
60
60
60
60
60
60
60
60
60
60
60
60
60
60
60
60
60
60
60
60
60
60
60
60
60
60
60
60
60
60
60
60
60
60
60
60
60
60
60
60
60
60
60
60
60
60
60
60
60
60
60
60
60
60
60
60
60
60
60
60
60
60
60
60
60
60
60
60
60
60
60
60
60
60
60
60
60
60
60
60
60
60
60
60
60
60
60
60
60
60
60
60
60
60
60
60
60
60
60
60
60
60
60
60
60
60
60
60
60
60
60
60
60
60
60
60
60
60
60
60
60
60
60
60
60
60
60
60
60
60
60
60
60
60
60
60
60
60
60
60
60
60
60
60
60
60
60
60
60
60
60
60
60
60
60
60
60
60
60
60
60
60
60
60
60
60
60
60
60
60
60
60
60
60
60
60
60
60
60
60
60
60
60
60
60
60
60
60
60
60
60
60
60
60
60
60
60
60
60
60
60
60
60
60
60
60
60
60
60
60
60
60
60
60
60
60
60
60
60
60
60
60
60
60
60
60
60
60
60
60
60
60
60
60
60
60
60
60
60
60
60
60
60
60
60
60
60
60
60
60
60
60
60
60
60
60
60
60
60
60
60
60
60
60
60
60
60
60
60
60
60
60
60
60
60
60
60
60
60
60
60
60
60
60
60
60
60
60
60
60
60
60
60
60
60
60
60
60
60
60
60
60
60
60
60
60
60
60
60
60
60
60
60
60
60
60
60
60
60
60
60
60
60
60
60
60
60
60
60
60
60
60
60
60
60
60
60
60
60
60
60
60
60
60
60
60
60
60
60
60
60
60
60
60
60
60
60
60
60
60
60
60
60
60
60
60
60
60
60
60
60
60
60
60
60
60
60
60
60
60
60
60
60
60
60
60
60
60
60
60
60
60
60
60
60
60
60
60
60
60
60
60
60
60
60
60
60
60
60
60
60
60
60
60
60
60
60
60
60
60
60
60
60
60
60
60
60
60
60
60
60
60
60
60
60
60
60
60
60
60
60
894
0 1 60
0 2 60
1 3 60
1 4 60
2 5 60
2 6 60
3 7 60
3 8 60
4 9 60
4 10 60
5 11 60
5 12 60
6 13 60
6 14 60
7 15 60
7 16 60
8 17 60
8 18 60
9 19 60
9 20 60
10 21 60
10 22 60
11 23 60
11 24 60
12 25 60
12 26 60
13 27 60
13 28 60
14 29 60
14 30 60
15 31 60
15 32 60
16 33 60
16 34 60
17 35 60
17 36 60
18 37 60
18 38 60
19 39 60
19 40 60
20 41 60
20 42 60
21 43 60
21 44 60
22 45 60
22 46 60
23 47 60
23 48 60
24 49 60
24 50 60
25 51 60
25 52 60
26 53 60
26 54 60
27 55 60
27 56 60
28 57 60
28 58 60
29 59 60
29 60 60
30 61 60
30 62 60
31 63 60
31 64 60
32 65 60
32 66 60
33 67 60
33 68 60
34 69 60
34 70 60
35 71 60
35 72 60
36 73 60
36 74 60
37 75 60
37 76 60
38 77 60
38 78 60
39 79 60
39 80 60
40 81 60
40 82 60
41 83 60
41 84 60
42 85 60
42 86 60
43 87 60
43 88 60
44 89 60
44 90 60
45 91 60
45 92 60
46 93 60
46 94 60
47 95 60
47 96 60
48 97 60
48 98 60
49 99 60
49 100 60
50 101 60
50 102 60
51 103 60
51 104 60
52 105 60
52 106 60
53 107 60
53 108 60
54 109 60
54 110 60
55 111 60
55 112 60
56 113 60
56 114 60
57 115 60
57 116 60
58 117 60
58 118 60
59 119 60
59 120 60
60 121 60
60 122 60
61 123 60
61 124 60
62 125 60
62 126 60
63 127 60
63 128 60
64 127 60
64 128 60
65 129 60
65 130 60
66 129 60
66 130 60
67 131 60
67 132 60
68 131 60
68 132 60
69 133 60
69 134 60
70 133 60
70 134 60
71 135 60
71 136 60
72 135 60
72 136 60
73 137 60
73 138 60
74 137 60
74 138 60
75 139 60
75 140 60
76 139 60
76 140 60
77 141 60
77 142 60
78 141 60
78 142 60
79 143 60
79 144 60
80 143 60
80 144 60
81 145 60
81 146 60
82 145 60
82 146 60
83 147 60
83 148 60
84 147 60
84 148 60
85 149 60
85 150 60
86 149 60
86 150 60
87 151 60
87 152 60
88 151 60
88 152 60
89 153 60
89 154 60
90 153 60
90 154 60
91 155 60
91 156 60
92 155 60
92 156 60
93 157 60
93 158 60
94 157 60
94 158 60
95 159 60
95 160 60
96 159 60
96 160 60
97 161 60
97 162 60
98 161 60
98 162 60
99 163 60
99 164 60
100 163 60
100 164 60
101 165 60
101 166 60
102 165 60
102 166 60
103 167 60
103 168 60
104 167 60
104 168 60
105 169 60
105 170 60
106 169 60
106 170 60
107 171 60
107 172 60
108 171 60
108 172 60
109 173 60
109 174 60
110 173 60
110 174 60
111 175 60
111 176 60
112 175 60
112 176 60
113 177 60
113 178 60
114 177 60
114 178 60
115 179 60
115 180 60
116 179 60
116 180 60
117 181 60
117 182 60
118 181 60
118 182 60
119 183 60
119 184 60
120 183 60
120 184 60
121 185 60
121 186 60
122 185 60
122 186 60
123 187 60
123 188 60
124 187 60
124 188 60
125 189 60
125 190 60
126 189 60
126 190 60
127 191 60
127 193 60
128 192 60
128 194 60
129 191 60
129 193 60
130 192 60
130 194 60
131 195 60
131 197 60
132 196 60
132 198 60
133 195 60
133 197 60
134 196 60
134 198 60
135 199 60
135 201 60
136 200 60
136 202 60
137 199 60
137 201 60
138 200 60
138 202 60
139 203 60
139 205 60
140 204 60
140 206 60
141 203 60
141 205 60
142 204 60
142 206 60
143 207 60
143 209 60
144 208 60
144 210 60
145 207 60
145 209 60
146 208 60
146 210 60
147 211 60
147 213 60
148 212 60
148 214 60
149 211 60
149 213 60
150 212 60
150 214 60
151 215 60
151 217 60
152 216 60
152 218 60
153 215 60
153 217 60
154 216 60
154 218 60
155 219 60
155 221 60
156 220 60
156 222 60
157 219 60
157 221 60
158 220 60
158 222 60
159 223 60
159 225 60
160 224 60
160 226 60
161 223 60
161 225 60
162 224 60
162 226 60
163 227 60
163 229 60
164 228 60
164 230 60
165 227 60
165 229 60
166 228 60
166 230 60
167 231 60
167 233 60
168 232 60
168 234 60
169 231 60
169 233 60
170 232 60
170 234 60
171 235 60
171 237 60
172 236 60
172 238 60
173 235 60
173 237 60
174 236 60
174 238 60
175 239 60
175 241 60
176 240 60
176 242 60
177 239 60
177 241 60
178 240 60
178 242 60
179 243 60
179 245 60
180 244 60
180 246 60
181 243 60
181 245 60
182 244 60
182 246 60
183 247 60
183 249 60
184 248 60
184 250 60
185 247 60
185 249 60
186 248 60
186 250 60
187 251 60
187 253 60
188 252 60
188 254 60
189 251 60
189 253 60
190 252 60
190 254 60
191 255 60
191 259 60
192 256 60
192 260 60
193 257 60
193 261 60
194 258 60
194 262 60
195 255 60
195 259 60
196 256 60
196 260 60
197 257 60
197 261 60
198 258 60
198 262 60
199 263 60
199 267 60
200 264 60
200 268 60
201 265 60
201 269 60
202 266 60
202 270 60
203 263 60
203 267 60
204 264 60
204 268 60
205 265 60
205 269 60
206 266 60
206 270 60
207 271 60
207 275 60
208 272 60
208 276 60
209 273 60
209 277 60
210 274 60
210 278 60
211 271 60
211 275 60
212 272 60
212 276 60
213 273 60
213 277 60
214 274 60
214 278 60
215 279 60
215 283 60
216 280 60
216 284 60
217 281 60
217 285 60
218 282 60
218 286 60
219 279 60
219 283 60
220 280 60
220 284 60
221 281 60
221 285 60
222 282 60
222 286 60
223 287 60
223 291 60
224 288 60
224 292 60
225 289 60
225 293 60
226 290 60
226 294 60
227 287 60
227 291 60
228 288 60
228 292 60
229 289 60
229 293 60
230 290 60
230 294 60
231 295 60
231 299 60
232 296 60
232 300 60
233 297 60
233 301 60
234 298 60
234 302 60
235 295 60
235 299 60
236 296 60
236 300 60
237 297 60
237 301 60
238 298 60
238 302 60
239 303 60
239 307 60
240 304 60
240 308 60
241 305 60
241 309 60
242 306 60
242 310 60
243 303 60
243 307 60
244 304 60
244 308 60
245 305 60
245 309 60
246 306 60
246 310 60
247 311 60
247 315 60
248 312 60
248 316 60
249 313 60
249 317 60
250 314 60
250 318 60
251 311 60
251 315 60
252 312 60
252 316 60
253 313 60
253 317 60
254 314 60
254 318 60
255 319 60
255 327 60
256 320 60
256 328 60
257 321 60
257 329 60
258 322 60
258 330 60
259 323 60
259 331 60
260 324 60
260 332 60
261 325 60
261 333 60
262 326 60
262 334 60
263 319 60
263 327 60
264 320 60
264 328 60
265 321 60
265 329 60
266 322 60
266 330 60
267 323 60
267 331 60
268 324 60
268 332 60
269 325 60
269 333 60
270 326 60
270 334 60
271 335 60
271 343 60
272 336 60
272 344 60
273 337 60
273 345 60
274 338 60
274 346 60
275 339 60
275 347 60
276 340 60
276 348 60
277 341 60
277 349 60
278 342 60
278 350 60
279 335 60
279 343 60
280 336 60
280 344 60
281 337 60
281 345 60
282 338 60
282 346 60
283 339 60
283 347 60
284 340 60
284 348 60
285 341 60
285 349 60
286 342 60
286 350 60
287 351 60
287 359 60
288 352 60
288 360 60
289 353 60
289 361 60
290 354 60
290 362 60
291 355 60
291 363 60
292 356 60
292 364 60
293 357 60
293 365 60
294 358 60
294 366 60
295 351 60
295 359 60
296 352 60
296 360 60
297 353 60
297 361 60
298 354 60
298 362 60
299 355 60
299 363 60
300 356 60
300 364 60
301 357 60
301 365 60
302 358 60
302 366 60
303 367 60
303 375 60
304 368 60
304 376 60
305 369 60
305 377 60
306 370 60
306 378 60
307 371 60
307 379 60
308 372 60
308 380 60
309 373 60
309 381 60
310 374 60
310 382 60
311 367 60
311 375 60
312 368 60
312 376 60
313 369 60
313 377 60
314 370 60
314 378 60
315 371 60
315 379 60
316 372 60
316 380 60
317 373 60
317 381 60
318 374 60
318 382 60
319 383 60
319 399 60
320 384 60
320 400 60
321 385 60
321 401 60
322 386 60
322 402 60
323 387 60
323 403 60
324 388 60
324 404 60
325 389 60
325 405 60
326 390 60
326 406 60
327 391 60
327 407 60
328 392 60
328 408 60
329 393 60
329 409 60
330 394 60
330 410 60
331 395 60
331 411 60
332 396 60
332 412 60
333 397 60
333 413 60
334 398 60
334 414 60
335 383 60
335 399 60
336 384 60
336 400 60
337 385 60
337 401 60
338 386 60
338 402 60
339 387 60
339 403 60
340 388 60
340 404 60
341 389 60
341 405 60
342 390 60
342 406 60
343 391 60
343 407 60
344 392 60
344 408 60
345 393 60
345 409 60
346 394 60
346 410 60
347 395 60
347 411 60
348 396 60
348 412 60
349 397 60
349 413 60
350 398 60
350 414 60
351 415 60
351 431 60
352 416 60
352 432 60
353 417 60
353 433 60
354 418 60
354 434 60
355 419 60
355 435 60
356 420 60
356 436 60
357 421 60
357 437 60
358 422 60
358 438 60
359 423 60
359 439 60
360 424 60
360 440 60
361 425 60
361 441 60
362 426 60
362 442 60
363 427 60
363 443 60
364 428 60
364 444 60
365 429 60
365 445 60
366 430 60
366 446 60
367 415 60
367 431 60
368 416 60
368 432 60
369 417 60
369 433 60
370 418 60
370 434 60
371 419 60
371 435 60
372 420 60
372 436 60
373 421 60
373 437 60
374 422 60
374 438 60
375 423 60
375 439 60
376 424 60
376 440 60
377 425 60
377 441 60
378 426 60
378 442 60
379 427 60
379 443 60
380 428 60
380 444 60
381 429 60
381 445 60
382 430 60
382 446 60
383 447 60
383 479 60
384 448 60
384 480 60
385 449 60
385 481 60
386 450 60
386 482 60
387 451 60
387 483 60
388 452 60
388 484 60
389 453 60
389 485 60
390 454 60
390 486 60
391 455 60
391 487 60
392 456 60
392 488 60
393 457 60
393 489 60
394 458 60
394 490 60
395 459 60
395 491 60
396 460 60
396 492 60
397 461 60
397 493 60
398 462 60
398 494 60
399 463 60
399 495 60
400 464 60
400 496 60
401 465 60
401 497 60
402 466 60
402 498 60
403 467 60
403 499 60
404 468 60
404 500 60
405 469 60
405 501 60
406 470 60
406 502 60
407 471 60
407 503 60
408 472 60
408 504 60
409 473 60
409 505 60
410 474 60
410 506 60
411 475 60
411 507 60
412 476 60
412 508 60
413 477 60
413 509 60
414 478 60
414 510 60
415 447 60
415 479 60
416 448 60
416 480 60
417 449 60
417 481 60
418 450 60
418 482 60
419 451 60
419 483 60
420 452 60
420 484 60
421 453 60
421 485 60
422 454 60
422 486 60
423 455 60
423 487 60
424 456 60
424 488 60
425 457 60
425 489 60
426 458 60
426 490 60
427 459 60
427 491 60
428 460 60
428 492 60
429 461 60
429 493 60
430 462 60
430 494 60
431 463 60
431 495 60
432 464 60
432 496 60
433 465 60
433 497 60
434 466 60
434 498 60
435 467 60
435 499 60
436 468 60
436 500 60
437 469 60
437 501 60
438 470 60
438 502 60
439 471 60
439 503 60
440 472 60
440 504 60
441 473 60
441 505 60
442 474 60
442 506 60
443 475 60
443 507 60
444 476 60
444 508 60
445 477 60
445 509 60
446 478 60
446 510 60
