60
60
60
60
60
60
60
60
60
60
60
60
60
60
60
60
60
60
60
60
60
60
60
60
60
60
60
60
60
60
60
60
60
60
60
60
60
60
60
60
60
60
60
60
60
60
60
60
60
60
60
60
60
60
60
60
60
60
60
60
60
60
60
60
60
60
60
60
60
60
60
60
60
60
60
60
60
60
60
60
60
60
60
60
60
60
60
60
60
60
60
60
60
60
60
158
0 1 60
0 2 60
1 3 60
1 4 60
2 5 60
2 6 60
3 7 60
3 8 60
4 9 60
4 10 60
5 11 60
5 12 60
6 13 60
6 14 60
7 15 60
7 16 60
8 17 60
8 18 60
9 19 60
9 20 60
10 21 60
10 22 60
11 23 60
11 24 60
12 25 60
12 26 60
13 27 60
13 28 60
14 29 60
14 30 60
15 31 60
15 32 60
16 31 60
16 32 60
17 33 60
17 34 60
18 33 60
18 34 60
19 35 60
19 36 60
20 35 60
20 36 60
21 37 60
21 38 60
22 37 60
22 38 60
23 39 60
23 40 60
24 39 60
24 40 60
25 41 60
25 42 60
26 41 60
26 42 60
27 43 60
27 44 60
28 43 60
28 44 60
29 45 60
29 46 60
30 45 60
30 46 60
31 47 60
31 49 60
32 48 60
32 50 60
33 47 60
33 49 60
34 48 60
34 50 60
35 51 60
35 53 60
36 52 60
36 54 60
37 51 60
37 53 60
38 52 60
38 54 60
39 55 60
39 57 60
40 56 60
40 58 60
41 55 60
41 57 60
42 56 60
42 58 60
43 59 60
43 61 60
44 60 60
44 62 60
45 59 60
45 61 60
46 60 60
46 62 60
47 63 60
47 67 60
48 64 60
48 68 60
49 65 60
49 69 60
50 66 60
50 70 60
51 63 60
51 67 60
52 64 60
52 68 60
53 65 60
53 69 60
54 66 60
54 70 60
55 71 60
55 75 60
56 72 60
56 76 60
57 73 60
57 77 60
58 74 60
58 78 60
59 71 60
59 75 60
60 72 60
60 76 60
61 73 60
61 77 60
62 74 60
62 78 60
63 79 60
63 87 60
64 80 60
64 88 60
65 81 60
65 89 60
66 82 60
66 90 60
67 83 60
67 91 60
68 84 60
68 92 60
69 85 60
69 93 60
70 86 60
70 94 60
71 79 60
71 87 60
72 80 60
72 88 60
73 81 60
73 89 60
74 82 60
74 90 60
75 83 60
75 91 60
76 84 60
76 92 60
77 85 60
77 93 60
78 86 60
78 94 60
