80
90
90
90
100
90
90
100
100
90
90
100
100
100
90
80
100
100
100
100
80
90
100
100
100
90
90
100
100
90
90
100
90
90
90
80
60
0 1 80
0 2 80
1 3 90
1 4 90
2 4 90
2 5 90
3 6 90
3 7 90
4 7 100
4 8 100
5 8 90
5 9 90
6 10 90
6 11 90
7 11 100
7 12 100
8 12 100
8 13 100
9 13 90
9 14 90
10 15 90
10 16 90
11 16 100
11 17 100
12 17 100
12 18 100
13 18 100
13 19 100
14 19 90
14 20 90
15 21 80
20 25 80
16 21 100
16 22 100
17 22 100
17 23 100
18 23 100
18 24 100
19 24 100
19 25 100
21 26 90
25 29 90
22 26 100
22 27 100
23 27 100
23 28 100
24 28 100
24 29 100
26 30 90
29 32 90
27 30 100
27 31 100
28 31 100
28 32 100
30 33 90
32 34 90
31 33 100
31 34 100
33 35 90
34 35 90
