80
90
90
90
100
90
90
100
100
90
90
100
100
100
90
90
100
100
100
100
90
90
100
100
100
100
100
90
80
100
100
100
100
100
100
80
90
100
100
100
100
100
90
90
100
100
100
100
90
90
100
100
100
90
90
100
100
90
90
100
90
90
90
80
112
0 1 80
0 2 80
1 3 90
1 4 90
2 4 90
2 5 90
3 6 90
3 7 90
4 7 100
4 8 100
5 8 90
5 9 90
6 10 90
6 11 90
7 11 100
7 12 100
8 12 100
8 13 100
9 13 90
9 14 90
10 15 90
10 16 90
11 16 100
11 17 100
12 17 100
12 18 100
13 18 100
13 19 100
14 19 90
14 20 90
15 21 90
15 22 90
16 22 100
16 23 100
17 23 100
17 24 100
18 24 100
18 25 100
19 25 100
19 26 100
20 26 90
20 27 90
21 28 90
21 29 90
22 29 100
22 30 100
23 30 100
23 31 100
24 31 100
24 32 100
25 32 100
25 33 100
26 33 100
26 34 100
27 34 90
27 35 90
28 36 80
35 42 80
29 36 100
29 37 100
30 37 100
30 38 100
31 38 100
31 39 100
32 39 100
32 40 100
33 40 100
33 41 100
34 41 100
34 42 100
36 43 90
42 48 90
37 43 100
37 44 100
38 44 100
38 45 100
39 45 100
39 46 100
40 46 100
40 47 100
41 47 100
41 48 100
43 49 90
48 53 90
44 49 100
44 50 100
45 50 100
45 51 100
46 51 100
46 52 100
47 52 100
47 53 100
49 54 90
53 57 90
50 54 100
50 55 100
51 55 100
51 56 100
52 56 100
52 57 100
54 58 90
57 60 90
55 58 100
55 59 100
56 59 100
56 60 100
58 61 90
60 62 90
59 61 100
59 62 100
61 63 90
62 63 90
