60
60
60
60
60
60
60
60
60
60
60
60
60
60
60
60
60
60
60
60
60
60
60
60
60
60
60
60
60
60
60
60
60
60
60
60
60
60
60
60
60
60
60
60
60
60
60
60
60
60
60
60
60
60
60
60
60
60
60
60
60
60
60
60
60
60
60
60
60
60
60
60
60
60
60
60
60
60
60
60
60
60
60
60
60
60
60
60
60
60
60
60
60
60
60
60
60
60
60
60
60
60
60
60
60
60
60
60
60
60
60
60
60
60
60
60
60
60
60
60
60
60
60
60
60
60
60
60
60
60
60
60
60
60
60
60
60
60
60
60
60
60
60
60
60
60
60
60
60
60
60
60
60
60
60
60
60
60
60
60
60
60
60
60
60
60
60
60
60
60
60
60
60
60
60
60
60
60
60
60
60
60
60
60
60
60
60
60
60
60
60
60
60
60
60
60
60
60
60
60
60
60
60
60
60
60
60
60
60
60
60
60
60
60
60
60
60
60
60
60
60
60
60
382
0 1 60
0 2 60
1 3 60
1 4 60
2 5 60
2 6 60
3 7 60
3 8 60
4 9 60
4 10 60
5 11 60
5 12 60
6 13 60
6 14 60
7 15 60
7 16 60
8 17 60
8 18 60
9 19 60
9 20 60
10 21 60
10 22 60
11 23 60
11 24 60
12 25 60
12 26 60
13 27 60
13 28 60
14 29 60
14 30 60
15 31 60
15 32 60
16 33 60
16 34 60
17 35 60
17 36 60
18 37 60
18 38 60
19 39 60
19 40 60
20 41 60
20 42 60
21 43 60
21 44 60
22 45 60
22 46 60
23 47 60
23 48 60
24 49 60
24 50 60
25 51 60
25 52 60
26 53 60
26 54 60
27 55 60
27 56 60
28 57 60
28 58 60
29 59 60
29 60 60
30 61 60
30 62 60
31 63 60
31 64 60
32 63 60
32 64 60
33 65 60
33 66 60
34 65 60
34 66 60
35 67 60
35 68 60
36 67 60
36 68 60
37 69 60
37 70 60
38 69 60
38 70 60
39 71 60
39 72 60
40 71 60
40 72 60
41 73 60
41 74 60
42 73 60
42 74 60
43 75 60
43 76 60
44 75 60
44 76 60
45 77 60
45 78 60
46 77 60
46 78 60
47 79 60
47 80 60
48 79 60
48 80 60
49 81 60
49 82 60
50 81 60
50 82 60
51 83 60
51 84 60
52 83 60
52 84 60
53 85 60
53 86 60
54 85 60
54 86 60
55 87 60
55 88 60
56 87 60
56 88 60
57 89 60
57 90 60
58 89 60
58 90 60
59 91 60
59 92 60
60 91 60
60 92 60
61 93 60
61 94 60
62 93 60
62 94 60
63 95 60
63 97 60
64 96 60
64 98 60
65 95 60
65 97 60
66 96 60
66 98 60
67 99 60
67 101 60
68 100 60
68 102 60
69 99 60
69 101 60
70 100 60
70 102 60
71 103 60
71 105 60
72 104 60
72 106 60
73 103 60
73 105 60
74 104 60
74 106 60
75 107 60
75 109 60
76 108 60
76 110 60
77 107 60
77 109 60
78 108 60
78 110 60
79 111 60
79 113 60
80 112 60
80 114 60
81 111 60
81 113 60
82 112 60
82 114 60
83 115 60
83 117 60
84 116 60
84 118 60
85 115 60
85 117 60
86 116 60
86 118 60
87 119 60
87 121 60
88 120 60
88 122 60
89 119 60
89 121 60
90 120 60
90 122 60
91 123 60
91 125 60
92 124 60
92 126 60
93 123 60
93 125 60
94 124 60
94 126 60
95 127 60
95 131 60
96 128 60
96 132 60
97 129 60
97 133 60
98 130 60
98 134 60
99 127 60
99 131 60
100 128 60
100 132 60
101 129 60
101 133 60
102 130 60
102 134 60
103 135 60
103 139 60
104 136 60
104 140 60
105 137 60
105 141 60
106 138 60
106 142 60
107 135 60
107 139 60
108 136 60
108 140 60
109 137 60
109 141 60
110 138 60
110 142 60
111 143 60
111 147 60
112 144 60
112 148 60
113 145 60
113 149 60
114 146 60
114 150 60
115 143 60
115 147 60
116 144 60
116 148 60
117 145 60
117 149 60
118 146 60
118 150 60
119 151 60
119 155 60
120 152 60
120 156 60
121 153 60
121 157 60
122 154 60
122 158 60
123 151 60
123 155 60
124 152 60
124 156 60
125 153 60
125 157 60
126 154 60
126 158 60
127 159 60
127 167 60
128 160 60
128 168 60
129 161 60
129 169 60
130 162 60
130 170 60
131 163 60
131 171 60
132 164 60
132 172 60
133 165 60
133 173 60
134 166 60
134 174 60
135 159 60
135 167 60
136 160 60
136 168 60
137 161 60
137 169 60
138 162 60
138 170 60
139 163 60
139 171 60
140 164 60
140 172 60
141 165 60
141 173 60
142 166 60
142 174 60
143 175 60
143 183 60
144 176 60
144 184 60
145 177 60
145 185 60
146 178 60
146 186 60
147 179 60
147 187 60
148 180 60
148 188 60
149 181 60
149 189 60
150 182 60
150 190 60
151 175 60
151 183 60
152 176 60
152 184 60
153 177 60
153 185 60
154 178 60
154 186 60
155 179 60
155 187 60
156 180 60
156 188 60
157 181 60
157 189 60
158 182 60
158 190 60
159 191 60
159 207 60
160 192 60
160 208 60
161 193 60
161 209 60
162 194 60
162 210 60
163 195 60
163 211 60
164 196 60
164 212 60
165 197 60
165 213 60
166 198 60
166 214 60
167 199 60
167 215 60
168 200 60
168 216 60
169 201 60
169 217 60
170 202 60
170 218 60
171 203 60
171 219 60
172 204 60
172 220 60
173 205 60
173 221 60
174 206 60
174 222 60
175 191 60
175 207 60
176 192 60
176 208 60
177 193 60
177 209 60
178 194 60
178 210 60
179 195 60
179 211 60
180 196 60
180 212 60
181 197 60
181 213 60
182 198 60
182 214 60
183 199 60
183 215 60
184 200 60
184 216 60
185 201 60
185 217 60
186 202 60
186 218 60
187 203 60
187 219 60
188 204 60
188 220 60
189 205 60
189 221 60
190 206 60
190 222 60
