60
60
60
60
60
60
60
60
60
60
60
60
60
60
60
60
60
60
60
60
60
60
60
60
60
60
60
60
60
60
60
60
60
60
60
60
60
60
60
62
0 1 60
0 2 60
1 3 60
1 4 60
2 5 60
2 6 60
3 7 60
3 8 60
4 9 60
4 10 60
5 11 60
5 12 60
6 13 60
6 14 60
7 15 60
7 16 60
8 15 60
8 16 60
9 17 60
9 18 60
10 17 60
10 18 60
11 19 60
11 20 60
12 19 60
12 20 60
13 21 60
13 22 60
14 21 60
14 22 60
15 23 60
15 25 60
16 24 60
16 26 60
17 23 60
17 25 60
18 24 60
18 26 60
19 27 60
19 29 60
20 28 60
20 30 60
21 27 60
21 29 60
22 28 60
22 30 60
23 31 60
23 35 60
24 32 60
24 36 60
25 33 60
25 37 60
26 34 60
26 38 60
27 31 60
27 35 60
28 32 60
28 36 60
29 33 60
29 37 60
30 34 60
30 38 60
