80
90
90
90
100
90
90
100
100
90
90
100
100
100
90
90
100
100
100
100
90
90
100
100
100
100
100
90
90
100
100
100
100
100
100
90
90
100
100
100
100
100
100
100
90
90
100
100
100
100
100
100
100
100
90
90
100
100
100
100
100
100
100
100
100
90
80
100
100
100
100
100
100
100
100
100
100
80
90
100
100
100
100
100
100
100
100
100
90
90
100
100
100
100
100
100
100
100
90
90
100
100
100
100
100
100
100
90
90
100
100
100
100
100
100
90
90
100
100
100
100
100
90
90
100
100
100
100
90
90
100
100
100
90
90
100
100
90
90
100
90
90
90
80
264
0 1 80
0 2 80
1 3 90
1 4 90
2 4 90
2 5 90
3 6 90
3 7 90
4 7 100
4 8 100
5 8 90
5 9 90
6 10 90
6 11 90
7 11 100
7 12 100
8 12 100
8 13 100
9 13 90
9 14 90
10 15 90
10 16 90
11 16 100
11 17 100
12 17 100
12 18 100
13 18 100
13 19 100
14 19 90
14 20 90
15 21 90
15 22 90
16 22 100
16 23 100
17 23 100
17 24 100
18 24 100
18 25 100
19 25 100
19 26 100
20 26 90
20 27 90
21 28 90
21 29 90
22 29 100
22 30 100
23 30 100
23 31 100
24 31 100
24 32 100
25 32 100
25 33 100
26 33 100
26 34 100
27 34 90
27 35 90
28 36 90
28 37 90
29 37 100
29 38 100
30 38 100
30 39 100
31 39 100
31 40 100
32 40 100
32 41 100
33 41 100
33 42 100
34 42 100
34 43 100
35 43 90
35 44 90
36 45 90
36 46 90
37 46 100
37 47 100
38 47 100
38 48 100
39 48 100
39 49 100
40 49 100
40 50 100
41 50 100
41 51 100
42 51 100
42 52 100
43 52 100
43 53 100
44 53 90
44 54 90
45 55 90
45 56 90
46 56 100
46 57 100
47 57 100
47 58 100
48 58 100
48 59 100
49 59 100
49 60 100
50 60 100
50 61 100
51 61 100
51 62 100
52 62 100
52 63 100
53 63 100
53 64 100
54 64 90
54 65 90
55 66 90
55 67 90
56 67 100
56 68 100
57 68 100
57 69 100
58 69 100
58 70 100
59 70 100
59 71 100
60 71 100
60 72 100
61 72 100
61 73 100
62 73 100
62 74 100
63 74 100
63 75 100
64 75 100
64 76 100
65 76 90
65 77 90
66 78 80
77 88 80
67 78 100
67 79 100
68 79 100
68 80 100
69 80 100
69 81 100
70 81 100
70 82 100
71 82 100
71 83 100
72 83 100
72 84 100
73 84 100
73 85 100
74 85 100
74 86 100
75 86 100
75 87 100
76 87 100
76 88 100
78 89 90
88 98 90
79 89 100
79 90 100
80 90 100
80 91 100
81 91 100
81 92 100
82 92 100
82 93 100
83 93 100
83 94 100
84 94 100
84 95 100
85 95 100
85 96 100
86 96 100
86 97 100
87 97 100
87 98 100
89 99 90
98 107 90
90 99 100
90 100 100
91 100 100
91 101 100
92 101 100
92 102 100
93 102 100
93 103 100
94 103 100
94 104 100
95 104 100
95 105 100
96 105 100
96 106 100
97 106 100
97 107 100
99 108 90
107 115 90
100 108 100
100 109 100
101 109 100
101 110 100
102 110 100
102 111 100
103 111 100
103 112 100
104 112 100
104 113 100
105 113 100
105 114 100
106 114 100
106 115 100
108 116 90
115 122 90
109 116 100
109 117 100
110 117 100
110 118 100
111 118 100
111 119 100
112 119 100
112 120 100
113 120 100
113 121 100
114 121 100
114 122 100
116 123 90
122 128 90
117 123 100
117 124 100
118 124 100
118 125 100
119 125 100
119 126 100
120 126 100
120 127 100
121 127 100
121 128 100
123 129 90
128 133 90
124 129 100
124 130 100
125 130 100
125 131 100
126 131 100
126 132 100
127 132 100
127 133 100
129 134 90
133 137 90
130 134 100
130 135 100
131 135 100
131 136 100
132 136 100
132 137 100
134 138 90
137 140 90
135 138 100
135 139 100
136 139 100
136 140 100
138 141 90
140 142 90
139 141 100
139 142 100
141 143 90
142 143 90
