80
90
90
90
100
90
90
100
100
90
90
100
100
100
90
90
100
100
100
100
90
90
100
100
100
100
100
90
90
100
100
100
100
100
100
90
90
100
100
100
100
100
100
100
90
80
100
100
100
100
100
100
100
100
80
90
100
100
100
100
100
100
100
90
90
100
100
100
100
100
100
90
90
100
100
100
100
100
90
90
100
100
100
100
90
90
100
100
100
90
90
100
100
90
90
100
90
90
90
80
180
0 1 80
0 2 80
1 3 90
1 4 90
2 4 90
2 5 90
3 6 90
3 7 90
4 7 100
4 8 100
5 8 90
5 9 90
6 10 90
6 11 90
7 11 100
7 12 100
8 12 100
8 13 100
9 13 90
9 14 90
10 15 90
10 16 90
11 16 100
11 17 100
12 17 100
12 18 100
13 18 100
13 19 100
14 19 90
14 20 90
15 21 90
15 22 90
16 22 100
16 23 100
17 23 100
17 24 100
18 24 100
18 25 100
19 25 100
19 26 100
20 26 90
20 27 90
21 28 90
21 29 90
22 29 100
22 30 100
23 30 100
23 31 100
24 31 100
24 32 100
25 32 100
25 33 100
26 33 100
26 34 100
27 34 90
27 35 90
28 36 90
28 37 90
29 37 100
29 38 100
30 38 100
30 39 100
31 39 100
31 40 100
32 40 100
32 41 100
33 41 100
33 42 100
34 42 100
34 43 100
35 43 90
35 44 90
36 45 90
36 46 90
37 46 100
37 47 100
38 47 100
38 48 100
39 48 100
39 49 100
40 49 100
40 50 100
41 50 100
41 51 100
42 51 100
42 52 100
43 52 100
43 53 100
44 53 90
44 54 90
45 55 80
54 63 80
46 55 100
46 56 100
47 56 100
47 57 100
48 57 100
48 58 100
49 58 100
49 59 100
50 59 100
50 60 100
51 60 100
51 61 100
52 61 100
52 62 100
53 62 100
53 63 100
55 64 90
63 71 90
56 64 100
56 65 100
57 65 100
57 66 100
58 66 100
58 67 100
59 67 100
59 68 100
60 68 100
60 69 100
61 69 100
61 70 100
62 70 100
62 71 100
64 72 90
71 78 90
65 72 100
65 73 100
66 73 100
66 74 100
67 74 100
67 75 100
68 75 100
68 76 100
69 76 100
69 77 100
70 77 100
70 78 100
72 79 90
78 84 90
73 79 100
73 80 100
74 80 100
74 81 100
75 81 100
75 82 100
76 82 100
76 83 100
77 83 100
77 84 100
79 85 90
84 89 90
80 85 100
80 86 100
81 86 100
81 87 100
82 87 100
82 88 100
83 88 100
83 89 100
85 90 90
89 93 90
86 90 100
86 91 100
87 91 100
87 92 100
88 92 100
88 93 100
90 94 90
93 96 90
91 94 100
91 95 100
92 95 100
92 96 100
94 97 90
96 98 90
95 97 100
95 98 100
97 99 90
98 99 90
